00000
^
^
^
^
^
^
^
^
^
^
^
^
^
^
^
^
^
^
^
^
^
^
^
^
^
^
^
^
^
^
00010
00000
00001
00000
00100
00001
00010
00000
00100
00000
00010
00001
00000
01000
00100
00000
01000
00000
10000
00000
01000
10000
00001
00000
00010
00000
00001
00100
00010
01000
00100
00000
00010
00000
00001
00000
^
^
00010
00000
00100
00000
^
00001
00000
00010
00100
00000
01000
00000
^
^
10000
00000
^
^
00010
00000
00001
00000
00010
00100
00010
00000
01100
00000
00010
00000
00001
00010
00100
00000
01000
00000
00010
00001
00010
00100
00000
^
01000
00000
10000
00000
01000
00100
00010
00000
00001
00000
00001
00010
00110
01100
10010
01001
00000
10010
00000
10001
00000
^
^
00010
00000
00100
00000
00010
00000
01000
00000
00100
00000
01000
00000
10000
00000
01000
00000
00010
00000
00001
00000
00010
00000
00010
00000
00100
00000
01100
00000
01000
00000
^
^
11000
00000
01100
00000
00100
00000
11000
00000
01100
00000
00110
00000
00011
00000
11000
00000
01100
00000
11000
00000
01100
00000
00100
00000
00110
00000
01000
00000
00100
00000
00010
00001
01000
00000
10000
00000
01000
00010
00000
00001
01000
00000
10000
00000
01000
00000
00100
00010
00001
00000
10100
00100
01000
00110
00110
00011
00001
00000
^
^
^
^
10000
00000
^
^
^
^
^
^
^
^
^
^


